0 , 27105
1 , 25475
2 , 7916
3 , 31646
4 , 5926
5 , 29589
6 , 22665
7 , 2744
8 , 17723
9 , 4839
10 , 32383
11 , 25175
12 , 29568
13 , 20453
14 , 5401
15 , 8021
16 , 17741
17 , 29431
18 , 4591
19 , 24434
20 , 27682
21 , 30037
22 , 5334
23 , 18182
24 , 31144
25 , 30314
26 , 7233
27 , 30768
28 , 1585
29 , 3851
30 , 22520
31 , 28690
32 , 29327
33 , 30437
34 , 27569
35 , 2485
36 , 27258
37 , 17466
38 , 5229
39 , 12213
40 , 22305
41 , 4845
42 , 4620
43 , 19106
44 , 25298
45 , 10022
46 , 27127
47 , 10271
48 , 6685
49 , 31718
50 , 1938
51 , 1599
52 , 28987
53 , 7272
54 , 19782
55 , 27364
56 , 4818
57 , 27015
58 , 25364
59 , 6403
60 , 30867
61 , 15117
62 , 2326
63 , 27426
64 , 12786
65 , 29895
66 , 29911
67 , 7276
68 , 14593
69 , 2372
70 , 19489
71 , 4131
72 , 7217
73 , 24110
74 , 23237
75 , 32515
76 , 1364
77 , 17596
78 , 10019
79 , 8049
80 , 16547
81 , 11957
82 , 9648
83 , 12766
84 , 19229
85 , 29430
86 , 7362
87 , 24047
88 , 23678
89 , 32727
90 , 30450
91 , 21777
92 , 15076
93 , 8
94 , 16435
95 , 27862
96 , 29903
97 , 13578
98 , 2370
99 , 11729
